255 255 255 255 255 255 255 255 255 255 255 255 255 255 255 255
255 255 255 255  53   0   0   0   0   0   0  52 255 255 255 255
255 255 255   0   0   0   0   0   0   0   0   0   0 255 255 255
255 255   0   0   0   0   0   0   0   0   0   0   0   0 255 255
255  53   0   0   0   0   0   0   0   0   0   0   0   0  51 255
255   0   0   0   0   0   0   0   0   0   0   0   0   0   0 255
255   0   0   0   0   0   0   0   0   0   0   0   0   0   0 255
255   0   0   0   0   0   0   0   0   0   0   0   0   0   0 255
255   0   0   0   0   0   0   0   0   0   0   0   0   0   0 255
255   0   0   0   0   0   0   0   0   0   0   0   0   0   0 255
255   0   0   0   0   0   0   0   0   0   0   0   0   0   0 255
255  51   0   0   0   0   0   0   0   0   0   0   0   0  50 255
255 255   0   0   0   0   0   0   0   0   0   0   0   0 255 255
255 255 255   0   0   0   0   0   0   0   0   0   0 255 255 255
255 255 255 255  51   0   0   0   0   0   0  50 255 255 255 255
255 255 255 255 255 255 255 255 255 255 255 255 255 255 255 255
255 255 255 255 255 255 255 255 255 255 255 255 255 255 255 255
255 255 255 255  53   0   0   0   0   0   0  52 255 255 255 255
255 255 255   0   0   0   0   0   0   0   0   0   0 255 255 255
255 255   0   0   0   0   0   0   0   0   0   0   0   0 255 255
255  53   0   0   0   0   0   0   0   0   0   0   0   0  51 255
255   0   0   0   0   0   0   0   0   0   0   0   0   0   0 255
255   0   0   0   0   0   0   0   0   0   0   0   0   0   0 255
255   0   0   0   0   0   0   0   0   0   0   0   0   0   0 255
255   0   0   0   0   0   0   0   0   0   0   0   0   0   0 255
255   0   0   0   0   0   0   0   0   0   0   0   0   0   0 255
255   0   0   0   0   0   0   0   0   0   0   0   0   0   0 255
255  51   0   0   0   0   0   0   0   0   0   0   0   0  50 255
255 255   0   0   0   0   0   0   0   0   0   0   0   0 255 255
255 255 255   0   0   0   0   0   0   0   0   0   0 255 255 255
255 255 255 255  51   0   0   0   0   0   0  50 255 255 255 255
255 255 255 255 255 255 255 255 255 255 255 255 255 255 255 255
255 255 255 255 255 255 255 255 255 255 255 255 255 255 255 255
255 255 255 255 189 172 172 172 172 172 172 188 255 255 255 255
255 255 255 172 172 172 172 172 172 172 172 172 172 255 255 255
255 255 172 172 172 172 172 172 172 172 172 172 172 172 255 255
255 189 172 172 172 172 172 172 172 172 172 172 172 172 188 255
255 172 172 172 172 172 172 172 172 172 172 172 172 172 172 255
255 172   0   0   0 172   0   0   0   0 172   0   0   0 172 255
255 172 121   0   0 172   0   0 172   0 172   0 172 172 172 255
255 172  59   0 172 172   0   0  32   0 172   0 172 172 172 255
255 172   8   0 172 161   0   0 172   0 172   0   0 101 172 255
255 172 172 172 172 172 172 172 172 172 172 172 172 172 172 255
255 188 172 172 172 172 172 172 172 172 172 172 172 172 188 255
255 255 172 172 172 172 172 172 172 172 172 172 172 172 255 255
255 255 255 172 172 172 172 172 172 172 172 172 172 255 255 255
255 255 255 255 188 172 172 172 172 172 172 188 255 255 255 255
255 255 255 255 255 255 255 255 255 255 255 255 255 255 255 255

255 255 255 254 250 228 177 142 142 175 226 250 254 255 255 255
255 255 252 217 117  23   0   0   0   0  21 114 215 251 255 255
255 251 199  62   0   0   0   0   0   0   0   0  58 196 251 255
254 218  63   0   0   0   0   0   0   0   0   0   0  58 215 254
251 122   0   0   0   0   0   0   0   0   0   0   0   0 114 250
230  24   0   0   0   0   0   0   0   0   0   0   0   0  21 226
185   0   0   0   0   0   0   0   0   0   0   0   0   0   0 175
154   0   0   0   0   0   0   0   0   0   0   0   0   0   0 142
155   0   0   0   0   0   0   0   0   0   0   0   0   0   0 142
186   0   0   0   0   0   0   0   0   0   0   0   0   0   0 177
232  25   0   0   0   0   0   0   0   0   0   0   0   0  23 228
251 125   0   0   0   0   0   0   0   0   0   0   0   0 117 250
254 220  68   0   0   0   0   0   0   0   0   0   0  62 217 254
255 252 202  68   0   0   0   0   0   0   0   0  63 199 252 255
255 255 252 220 125  25   0   0   0   0  24 122 218 251 255 255
255 255 255 254 251 232 186 155 154 185 230 251 254 255 255 255
255 255 255 254 250 228 177 142 142 175 226 250 254 255 255 255
255 255 252 217 117  23   0   0   0   0  21 114 215 251 255 255
255 251 199  62   0   0   0   0   0   0   0   0  58 196 251 255
254 218  63   0   0   0   0   0   0   0   0   0   0  58 215 254
251 122   0   0   0   0   0   0   0   0   0   0   0   0 114 250
230  24   0   0   0   0   0   0   0   0   0   0   0   0  21 226
185   0   0   0   0   0   0   0   0   0   0   0   0   0   0 175
154   0   0   0   0   0   0   0   0   0   0   0   0   0   0 142
155   0   0   0   0   0   0   0   0   0   0   0   0   0   0 142
186   0   0   0   0   0   0   0   0   0   0   0   0   0   0 177
232  25   0   0   0   0   0   0   0   0   0   0   0   0  23 228
251 125   0   0   0   0   0   0   0   0   0   0   0   0 117 250
254 220  68   0   0   0   0   0   0   0   0   0   0  62 217 254
255 252 202  68   0   0   0   0   0   0   0   0  63 199 252 255
255 255 252 220 125  25   0   0   0   0  24 122 218 251 255 255
255 255 255 254 251 232 186 155 154 185 230 251 254 255 255 255
255 255 255 255 254 246 230 218 218 228 245 253 255 255 255 255
255 255 254 243 210 179 168 169 168 168 178 208 242 254 255 255
255 254 237 192 172 157 119 136 123 121 164 172 190 236 254 255
255 243 192 172 172 132  66 119  96  76 148 172 172 190 242 255
253 211 172 172 172 149  76  63  60  91 159 172 172 172 208 253
247 180 172 172 172 168 108  32  51 116 164 172 172 172 179 245
231 172 172 172 172 151  86  41  47 104 159 172 172 172 172 228
222 172 172 172 172 135  66  40  23  99 161 172 172 172 172 218
222 172 172 172 172 150  98  79  76 112 160 172 172 172 172 218
232 172 172 172 172 148  85  60  58 100 157 172 172 172 172 230
248 180 172 172 172 146  92  82  91 130 164 172 172 172 180 246
254 212 172 172 172 140 102  88 103 169 172 172 172 172 210 254
255 244 194 172 172 137  63  27  33 102 157 172 172 192 243 255
255 254 238 194 172 155 113  99 100 128 163 172 192 237 254 255
255 255 254 244 212 179 168 167 167 169 179 211 243 254 255 255
255 255 255 255 254 248 232 222 222 231 247 253 255 255 255 255

255 255 254 253 245 219 169 137 138 173 223 246 253 254 255 255
255 254 249 208 106  19   0   0   0   0  22 116 216 251 254 255
254 249 186  53   0   0   0   0   0   0   0   0  62 199 251 255
253 208  53   0   0   0   0   0   0   0   0   0   0  62 221 255
245 106   0   0   0   0   0   0   0   0   0   0   0   0 122 254
219  19   0   0   0   0   0   0   0   0   0   0   0   0  23 235
169   0   0   0   0   0   0   0   0   0   0   0   0   0   0 190
137   0   0   0   0   0   0   0   0   0   0   0   0   0   0 159
138   0   0   0   0   0   0   0   0   0   0   0   0   0   0 160
173   0   0   0   0   0   0   0   0   0   0   0   0   0   0 194
223  22   0   0   0   0   0   0   0   0   0   0   0   0  27 240
246 116   0   0   0   0   0   0   0   0   0   0   0   0 134 254
253 216  62   0   0   0   0   0   0   0   0   0   0  72 228 255
254 251 199  62   0   0   0   0   0   0   0   0  72 211 253 255
255 254 251 221 122  23   0   0   0   0  27 134 228 253 254 255
255 255 255 255 254 235 190 159 160 194 240 254 255 255 255 255
255 255 254 253 245 219 169 137 138 173 223 246 253 254 255 255
255 254 249 208 106  19   0   0   0   0  22 116 216 251 254 255
254 249 186  53   0   0   0   0   0   0   0   0  62 199 251 255
253 208  53   0   0   0   0   0   0   0   0   0   0  62 221 255
245 106   0   0   0   0   0   0   0   0   0   0   0   0 122 254
219  19   0   0   0   0   0   0   0   0   0   0   0   0  23 235
169   0   0   0   0   0   0   0   0   0   0   0   0   0   0 190
137   0   0   0   0   0   0   0   0   0   0   0   0   0   0 159
138   0   0   0   0   0   0   0   0   0   0   0   0   0   0 160
173   0   0   0   0   0   0   0   0   0   0   0   0   0   0 194
223  22   0   0   0   0   0   0   0   0   0   0   0   0  27 240
246 116   0   0   0   0   0   0   0   0   0   0   0   0 134 254
253 216  62   0   0   0   0   0   0   0   0   0   0  72 228 255
254 251 199  62   0   0   0   0   0   0   0   0  72 211 253 255
255 254 251 221 122  23   0   0   0   0  27 134 228 253 254 255
255 255 255 255 254 235 190 159 160 194 240 254 255 255 255 255
255 255 254 254 251 243 226 216 217 228 245 252 254 254 255 255
255 254 253 240 207 178 172 172 172 172 179 210 243 253 254 255
254 253 232 189 172 172 172 172 172 172 172 172 191 236 253 255
254 240 189 172 172 172 172 172 172 172 172 172 172 192 244 255
251 207 172 172 172 172 172 172 172 172 172 172 172 172 212 254
243 177 162 146 158 162 158 159 159 155 163 171 155 162 178 248
226 166 117  73  89 112 102  93 112  94 131 168  96 127 169 233
216 166 125  98  61  50  45  20  80  54  94  97  28 103 168 224
217 167 133 114  60  31  43  40  83  55  85  89  26 102 168 224
228 166 117  64  80 111  87  64 101  83  94  99  62 116 169 235
245 178 157 135 151 167 152 137 153 149 148 142 140 157 179 249
252 210 172 172 172 172 172 172 172 172 172 172 172 172 215 254
254 243 191 172 172 172 172 172 172 172 172 172 172 195 246 255
254 253 236 192 172 172 172 172 172 172 172 172 195 241 254 255
255 254 253 244 212 179 172 172 172 172 180 215 246 254 254 255
255 255 255 255 254 248 233 224 224 235 249 254 255 255 255 255

255 255 255 254 251 230 185 154 155 186 232 251 254 255 255 255
255 255 251 218 122  24   0   0   0   0  25 125 220 252 255 255
255 252 199  63   0   0   0   0   0   0   0   0  68 202 252 255
254 217  62   0   0   0   0   0   0   0   0   0   0  68 220 254
250 117   0   0   0   0   0   0   0   0   0   0   0   0 125 251
228  23   0   0   0   0   0   0   0   0   0   0   0   0  25 232
177   0   0   0   0   0   0   0   0   0   0   0   0   0   0 186
142   0   0   0   0   0   0   0   0   0   0   0   0   0   0 155
142   0   0   0   0   0   0   0   0   0   0   0   0   0   0 154
175   0   0   0   0   0   0   0   0   0   0   0   0   0   0 185
226  21   0   0   0   0   0   0   0   0   0   0   0   0  24 230
250 114   0   0   0   0   0   0   0   0   0   0   0   0 122 251
254 215  58   0   0   0   0   0   0   0   0   0   0  63 218 254
255 251 196  58   0   0   0   0   0   0   0   0  62 199 251 255
255 255 251 215 114  21   0   0   0   0  23 117 217 252 255 255
255 255 255 254 250 226 175 142 142 177 228 250 254 255 255 255
255 255 255 254 251 230 185 154 155 186 232 251 254 255 255 255
255 255 251 218 122  24   0   0   0   0  25 125 220 252 255 255
255 252 199  63   0   0   0   0   0   0   0   0  68 202 252 255
254 217  62   0   0   0   0   0   0   0   0   0   0  68 220 254
250 117   0   0   0   0   0   0   0   0   0   0   0   0 125 251
228  23   0   0   0   0   0   0   0   0   0   0   0   0  25 232
177   0   0   0   0   0   0   0   0   0   0   0   0   0   0 186
142   0   0   0   0   0   0   0   0   0   0   0   0   0   0 155
142   0   0   0   0   0   0   0   0   0   0   0   0   0   0 154
175   0   0   0   0   0   0   0   0   0   0   0   0   0   0 185
226  21   0   0   0   0   0   0   0   0   0   0   0   0  24 230
250 114   0   0   0   0   0   0   0   0   0   0   0   0 122 251
254 215  58   0   0   0   0   0   0   0   0   0   0  63 218 254
255 251 196  58   0   0   0   0   0   0   0   0  62 199 251 255
255 255 251 215 114  21   0   0   0   0  23 117 217 252 255 255
255 255 255 254 250 226 175 142 142 177 228 250 254 255 255 255
255 255 255 255 253 247 231 222 222 232 248 254 255 255 255 255
255 255 254 243 211 179 169 167 167 168 179 212 244 254 255 255
255 254 237 192 172 163 128 100  99 113 155 172 194 238 254 255
255 243 192 172 172 157 102  33  27  63 137 172 172 194 244 255
254 210 172 172 172 172 169 103  88 102 140 172 172 172 212 254
246 180 172 172 172 164 130  91  82  92 146 172 172 172 180 248
230 172 172 172 172 157 100  58  60  85 148 172 172 172 172 232
218 172 172 172 172 160 112  76  79  98 150 172 172 172 172 222
218 172 172 172 172 161  99  23  40  66 135 172 172 172 172 222
228 172 172 172 172 159 104  47  41  86 151 172 172 172 172 231
245 179 172 172 172 164 116  51  32 108 168 172 172 172 180 247
253 208 172 172 172 159  91  60  63  76 149 172 172 172 211 253
255 242 190 172 172 148  76  96 119  66 132 172 172 192 243 255
255 254 236 190 172 164 121 123 136 119 157 172 192 237 254 255
255 255 254 242 208 178 168 168 169 168 179 210 243 254 255 255
255 255 255 255 253 245 228 218 218 230 246 254 255 255 255 255
