255 255 255 255 255 255 255 255 255 255 255 255 255 255 255 255
255 255 255 255 195 179 179 179 179 179 179 195 255 255 255 255
255 255 255 179 179 179 179 179 179 179 179 179 179 255 255 255
255 255 179 179 179 179 179 179 179 179 179 179 179 179 255 255
255 195 179 179 179 179 179 179 179 179 179 179 179 179 195 255
255 179 179 179 179 179 179 179 179 179 179 179 179 179 179 255
255 179   0   0   0   0 179   0   0   0 179   0   0 106 179 255
255 179   0   0   0   0 179   0 179   0   0 179 179 179 179 255
255 179   0 179 179   0 179   0   0   0   0  43 179 179 179 255
255 179   0 179 179   0 179   0 179   0 179   0   0 179 179 255
255 179 179 179 179 179 179 179 179 179 179 179 179 179 179 255
255 195 179 179 179 179 179 179 179 179 179 179 179 179 194 255
255 255 179 179 179 179 179 179 179 179 179 179 179 179 255 255
255 255 255 179 179 179 179 179 179 179 179 179 179 255 255 255
255 255 255 255 195 179 179 179 179 179 179 194 255 255 255 255
255 255 255 255 255 255 255 255 255 255 255 255 255 255 255 255
255 255 255 255 255 255 255 255 255 255 255 255 255 255 255 255
255 255 255 255  39   0   0   0   0   0   0  39 255 255 255 255
255 255 255   0   0   0   0   0   0   0   0   0   0 255 255 255
255 255   0   0   0   0   0   0   0   0   0   0   0   0 255 255
255  39   0   0   0   0   0   0   0   0   0   0   0   0  39 255
255   0   0   0   0   0   0   0   0   0   0   0   0   0   0 255
255   0   0   0   0   0   0   0   0   0   0   0   0   0   0 255
255   0   0   0   0   0   0   0   0   0   0   0   0   0   0 255
255   0   0   0   0   0   0   0   0   0   0   0   0   0   0 255
255   0   0   0   0   0   0   0   0   0   0   0   0   0   0 255
255   0   0   0   0   0   0   0   0   0   0   0   0   0   0 255
255  39   0   0   0   0   0   0   0   0   0   0   0   0  39 255
255 255   0   0   0   0   0   0   0   0   0   0   0   0 255 255
255 255 255   0   0   0   0   0   0   0   0   0   0 255 255 255
255 255 255 255  39   0   0   0   0   0   0  39 255 255 255 255
255 255 255 255 255 255 255 255 255 255 255 255 255 255 255 255
255 255 255 255 255 255 255 255 255 255 255 255 255 255 255 255
255 255 255 255  83  55  55  55  55  55  55  83 255 255 255 255
255 255 255  55  55  55  55  55  55  55  55  55  55 255 255 255
255 255  55  55  55  55  55  55  55  55  55  55  55  55 255 255
255  83  55  55  55  55  55  55  55  55  55  55  55  55  83 255
255  55  55  55  55  55  55  55  55  55  55  55  55  55  55 255
255  55   0   0   0   0  55   0   0   0  55   0   0  32  55 255
255  55   0   0   0   0  55   0  55   0   0  55  55  55  55 255
255  55   0  55  55   0  55   0   0   0   0  13  55  55  55 255
255  55   0  55  55   0  55   0  55   0  55   0   0  55  55 255
255  55  55  55  55  55  55  55  55  55  55  55  55  55  55 255
255  83  55  55  55  55  55  55  55  55  55  55  55  55  83 255
255 255  55  55  55  55  55  55  55  55  55  55  55  55 255 255
255 255 255  55  55  55  55  55  55  55  55  55  55 255 255 255
255 255 255 255  83  55  55  55  55  55  55  83 255 255 255 255
255 255 255 255 255 255 255 255 255 255 255 255 255 255 255 255

255 255 255 255 254 247 232 221 221 231 246 253 255 255 255 255
255 255 254 244 213 186 177 177 176 177 185 212 243 254 255 255
255 254 238 197 179 169 143 153 144 143 174 179 196 237 254 255
255 244 197 179 179 139  66 118  98  80 156 179 179 196 243 255
253 215 179 179 179 149  76  82  69  87 161 179 179 179 212 253
247 186 179 179 179 175 112  37  56 119 171 179 179 179 185 246
235 179 179 179 179 162  97  58  75 114 164 179 179 179 179 231
224 179 179 179 179 141  70  41  26 103 167 179 179 179 179 221
224 179 179 179 179 147  81  57  54 108 165 179 179 179 179 221
235 179 179 179 179 148  66  32  31  86 161 179 179 179 179 232
248 187 179 179 179 159 108  94  97 126 168 179 179 179 186 247
254 215 179 179 179 147 108  94 109 171 177 179 179 179 213 254
255 244 199 179 179 143  75  42  51 124 167 179 179 197 244 255
255 254 239 199 179 152  87  64  66 110 165 179 197 238 254 255
255 255 254 244 215 184 171 169 169 172 185 215 244 254 255 255
255 255 255 255 254 248 235 224 224 235 247 253 255 255 255 255
255 255 255 254 250 227 176 142 142 175 226 250 254 255 255 255
255 255 251 217 117  23   0   0   0   0  21 114 215 251 255 255
255 251 199  62   0   0   0   0   0   0   0   0  58 196 251 255
254 218  63   0   0   0   0   0   0   0   0   0   0  58 215 254
251 121   0   0   0   0   0   0   0   0   0   0   0   0 114 250
230  23   0   0   0   0   0   0   0   0   0   0   0   0  21 226
185   0   0   0   0   0   0   0   0   0   0   0   0   0   0 175
154   0   0   0   0   0   0   0   0   0   0   0   0   0   0 142
155   0   0   0   0   0   0   0   0   0   0   0   0   0   0 142
185   0   0   0   0   0   0   0   0   0   0   0   0   0   0 176
231  25   0   0   0   0   0   0   0   0   0   0   0   0  23 227
251 125   0   0   0   0   0   0   0   0   0   0   0   0 117 250
254 220  68   0   0   0   0   0   0   0   0   0   0  62 217 254
255 252 202  68   0   0   0   0   0   0   0   0  63 199 251 255
255 255 252 220 125  25   0   0   0   0  23 121 218 251 255 255
255 255 255 254 251 231 185 155 154 185 230 251 254 255 255 255
255 255 255 254 251 233 194 166 165 193 232 251 254 255 255 255
255 255 252 225 146  72  54  54  54  54  71 143 223 252 255 255
255 252 211 103  55  52  43  46  44  43  53  55 100 208 252 255
254 226 104  55  55  43  20  36  30  23  48  55  55 100 223 254
251 149  55  55  55  45  23  25  21  26  49  55  55  55 143 251
235  73  55  55  55  54  33  11  16  35  52  55  55  55  71 232
200  55  55  55  55  49  28  17  22  34  50  55  55  55  55 193
176  55  55  55  55  43  20  11   7  30  51  55  55  55  55 165
176  55  55  55  55  45  24  17  16  32  50  55  55  55  55 166
201  55  55  55  55  45  19   9   9  26  49  55  55  55  55 194
236  74  55  55  55  49  32  28  29  38  52  55  55  55  72 233
252 152  55  55  55  45  32  29  33  53  55  55  55  55 146 251
255 227 107  55  55  44  23  13  15  38  51  55  55 103 225 254
255 252 213 107  55  46  25  19  19  33  50  55 104 211 252 255
255 255 252 227 152  73  52  52  52  53  72 149 226 252 255 255
255 255 255 255 252 236 201 176 176 200 235 251 254 255 255 255

255 255 254 254 252 244 229 219 219 230 246 252 254 254 255 255
255 254 253 241 211 184 179 179 179 179 186 214 244 253 254 255
254 253 233 195 179 179 179 179 179 179 179 179 197 238 254 255
254 241 195 179 179 179 179 179 179 179 179 179 179 197 245 255
252 211 179 179 179 179 179 179 179 179 179 179 179 179 215 254
244 184 172 154 160 169 162 165 163 158 167 177 165 163 184 248
229 175 139  77  85 116 110 100 105  82 127 171 120 107 174 235
219 175 144 101  69  58  70  26  54  29 101 103  46  66 172 226
219 176 150 114  77  37  56  43  58  30  97  95  42  65 172 226
230 176 140  66  78 116  97  70  82  66 112 104  74  88 173 236
246 185 169 142 152 175 162 144 150 150 161 149 146 155 185 250
252 214 179 179 179 179 179 179 179 179 179 179 179 179 218 254
254 244 197 179 179 179 179 179 179 179 179 179 179 200 247 255
254 253 238 197 179 179 179 179 179 179 179 179 200 242 254 255
255 254 254 245 215 185 179 179 179 179 187 218 247 254 254 255
255 255 255 255 254 248 235 226 226 236 250 254 255 255 255 255
255 255 254 253 245 219 168 136 138 173 223 246 253 254 255 255
255 254 249 208 106  19   0   0   0   0  22 116 216 251 254 255
254 249 186  53   0   0   0   0   0   0   0   0  61 198 251 255
253 208  53   0   0   0   0   0   0   0   0   0   0  62 221 255
245 106   0   0   0   0   0   0   0   0   0   0   0   0 121 254
219  19   0   0   0   0   0   0   0   0   0   0   0   0  22 235
168   0   0   0   0   0   0   0   0   0   0   0   0   0   0 190
136   0   0   0   0   0   0   0   0   0   0   0   0   0   0 159
138   0   0   0   0   0   0   0   0   0   0   0   0   0   0 160
173   0   0   0   0   0   0   0   0   0   0   0   0   0   0 193
223  22   0   0   0   0   0   0   0   0   0   0   0   0  27 239
246 116   0   0   0   0   0   0   0   0   0   0   0   0 133 254
253 216  61   0   0   0   0   0   0   0   0   0   0  72 227 255
254 251 198  62   0   0   0   0   0   0   0   0  72 211 253 255
255 254 251 221 121  22   0   0   0   0  27 133 227 253 254 255
255 255 255 255 254 235 190 159 160 193 239 254 255 255 255 255
255 255 254 253 247 227 187 161 162 190 230 248 254 254 255 255
255 254 250 217 138  70  55  55  55  55  73 146 223 251 254 255
254 250 200  96  55  55  55  55  55  55  55  55 102 211 252 255
253 217  96  55  55  55  55  55  55  55  55  55  55 103 228 255
247 138  55  55  55  55  55  55  55  55  55  55  55  55 150 254
227  70  52  46  48  51  49  50  49  48  51  54  50  49  73 240
187  53  42  22  24  34  32  29  31  24  38  52  36  31  53 205
161  53  43  30  20  17  20   6  15   8  30  31  13  19  52 180
162  54  45  34  23  11  16  11  17   8  29  28  12  19  52 180
190  54  42  19  23  34  28  20  24  19  33  31  22  25  53 207
230  73  51  43  46  53  49  44  46  46  49  45  44  47  76 243
248 146  55  55  55  55  55  55  55  55  55  55  55  55 159 254
254 223 102  55  55  55  55  55  55  55  55  55  55 111 233 255
254 251 211 103  55  55  55  55  55  55  55  55 111 220 253 255
255 254 252 228 150  73  55  55  55  55  76 159 233 253 254 255
255 255 255 255 254 240 205 180 180 207 243 254 255 255 255 255

255 255 255 255 253 247 235 224 224 235 248 254 255 255 255 255
255 255 254 244 215 185 172 169 169 171 184 215 244 254 255 255
255 254 238 197 179 165 110  66  64  87 152 179 199 239 254 255
255 244 197 179 179 167 124  51  42  75 143 179 179 199 244 255
254 213 179 179 179 177 171 109  94 108 147 179 179 179 215 254
247 186 179 179 179 168 126  97  94 108 159 179 179 179 187 248
232 179 179 179 179 161  86  31  32  66 148 179 179 179 179 235
221 179 179 179 179 165 108  54  57  81 147 179 179 179 179 224
221 179 179 179 179 167 103  26  41  70 141 179 179 179 179 224
231 179 179 179 179 164 114  75  58  97 162 179 179 179 179 235
246 185 179 179 179 171 119  56  37 112 175 179 179 179 186 247
253 212 179 179 179 161  87  69  82  76 149 179 179 179 215 253
255 243 196 179 179 156  80  98 118  66 139 179 179 197 244 255
255 254 237 196 179 174 143 144 153 143 169 179 197 238 254 255
255 255 254 243 212 185 177 176 177 177 186 213 244 254 255 255
255 255 255 255 253 246 231 221 221 232 247 254 255 255 255 255
255 255 255 254 251 230 185 154 155 185 231 251 254 255 255 255
255 255 251 218 121  23   0   0   0   0  25 125 220 252 255 255
255 251 199  63   0   0   0   0   0   0   0   0  68 202 252 255
254 217  62   0   0   0   0   0   0   0   0   0   0  68 220 254
250 117   0   0   0   0   0   0   0   0   0   0   0   0 125 251
227  23   0   0   0   0   0   0   0   0   0   0   0   0  25 231
176   0   0   0   0   0   0   0   0   0   0   0   0   0   0 185
142   0   0   0   0   0   0   0   0   0   0   0   0   0   0 155
142   0   0   0   0   0   0   0   0   0   0   0   0   0   0 154
175   0   0   0   0   0   0   0   0   0   0   0   0   0   0 185
226  21   0   0   0   0   0   0   0   0   0   0   0   0  23 230
250 114   0   0   0   0   0   0   0   0   0   0   0   0 121 251
254 215  58   0   0   0   0   0   0   0   0   0   0  63 218 254
255 251 196  58   0   0   0   0   0   0   0   0  62 199 251 255
255 255 251 215 114  21   0   0   0   0  23 117 217 251 255 255
255 255 255 254 250 226 175 142 142 176 227 250 254 255 255 255
255 255 255 254 251 235 200 176 176 201 236 252 255 255 255 255
255 255 252 226 149  72  53  52  52  52  73 152 227 252 255 255
255 252 211 104  55  50  33  19  19  25  46  55 107 213 252 255
254 225 103  55  55  51  38  15  13  23  44  55  55 107 227 255
251 146  55  55  55  55  53  33  29  32  45  55  55  55 152 252
233  72  55  55  55  52  38  29  28  32  49  55  55  55  74 236
194  55  55  55  55  49  26   9   9  19  45  55  55  55  55 201
166  55  55  55  55  50  32  16  17  24  45  55  55  55  55 176
165  55  55  55  55  51  30   7  11  20  43  55  55  55  55 176
193  55  55  55  55  50  34  22  17  28  49  55  55  55  55 200
232  71  55  55  55  52  35  16  11  33  54  55  55  55  73 235
251 143  55  55  55  49  26  21  25  23  45  55  55  55 149 251
254 223 100  55  55  48  23  30  36  20  43  55  55 104 226 254
255 252 208 100  55  53  43  44  46  43  52  55 103 211 252 255
255 255 252 223 143  71  54  54  54  54  72 146 225 252 255 255
255 255 255 254 251 232 193 165 166 194 233 251 254 255 255 255
